16
347
393
496
588
853
954
975
1046
1163
1174
1178
1200
1208
1214
1216
1232
1263
1274
1290
1292
1293
1298
1328
1330
1332
1343
1353
1382
1383
1430
1432
1446
1457
1473
1478
1483
1499
1528
1535
1537
1538
1545
1552
1553
1557
1559
1564
1571
1573
1580
1585
1587
1594
1599
1600
1603
1607
1609
1610
1615
1617
1618
1620
1622
1623
1624
1626
1635
1643
1646
1648
1649
1650
1652
1654
1655
1657
1664
1675
1677
1678
1684
1686
1692
1694
1696
1698
1700
1701
1703
1704
1705
1709
1712
1713
1720
1723
1724
1725
1734
1735
1737
1742
1748
1755
1764
1771
1772
1773
1776
1779
1781
1787
1790
1792
1793
1797
1802
1803
1806
1807
1814
1815
1818
1819
1820
1821
1825
1829
1831
1832
1834
1835
1839
1841
1842
1844
1845
1846
1847
1849
1850
1853
1859
1862
1864
1866
1869
1870
1871
1873
1876
1879
1881
1886
1890
1898
1901
1903
1906
1908
1909
1910
1913
1914
1919
1921
1922
1923
1924
1931
1932
1937
1939
1944
1945
1946
1947
1948
1950
1951
1952
1954
1961
1966
1976
1977
1980
1983
1984
1986
1987
1991
1993
1994
1999
2003
2006
2009
